22 0.41875 0.370313 0.65 0.340625 0.477254
22 0.41875 0.370313 0.65 0.340625 0.477254
22 0.41875 0.370313 0.65 0.340625 0.477254
22 0.41875 0.370313 0.65 0.340625 0.477254
22 0.41875 0.370313 0.65 0.340625 0.477254
22 0.41875 0.370313 0.65 0.340625 0.477254
22 0.440625 0.758594 0.840625 0.467187 0.657423
22 0.675 0.0609375 0.228125 0.121875 0.88032
0 0.284375 0.634375 0.525 0.71875 0.400301
0 0.840625 0.559375 0.309375 0.44375 0.53091
55 0.347656 0.699219 0.279687 0.276563 0.364971
45 0.804688 0.589844 0.365625 0.257812 0.450885
43 0.560938 0.755469 0.209375 0.335938 0.543108
9 0.0367187 0.440625 0.0359375 0.053125 0.254361
0 0.925781 0.707812 0.0234375 0.046875 0.277516
0 0.121094 0.71875 0.0546875 0.071875 0.315123
0 0.940625 0.703906 0.01875 0.0453125 0.380189
0 0.934375 0.727344 0.034375 0.0828125 0.381677
3 0.153125 0.929688 0.221875 0.140625 0.383358
0 0.9625 0.727344 0.028125 0.0828125 0.403027
0 0.308594 0.765625 0.0515625 0.153125 0.415603
0 0.249219 0.730469 0.0390625 0.0859375 0.426635
5 0.53125 0.707812 0.465625 0.2625 0.426838
0 0.0203125 0.730469 0.0375 0.0953125 0.4424
0 0.102344 0.725781 0.0203125 0.0609375 0.460185
0 0.84375 0.709375 0.01875 0.046875 0.486947
0 0.823438 0.714063 0.021875 0.059375 0.529654
24 0.264062 0.816406 0.078125 0.114063 0.602279
2 0.957031 0.9 0.0828125 0.190625 0.622106
0 0.46875 0.779688 0.059375 0.159375 0.652854
0 0.984375 0.724219 0.028125 0.0828125 0.655273
0 0.1875 0.859375 0.15625 0.275 0.667175
0 0.357812 0.766406 0.0625 0.164062 0.6982
0 0.135937 0.721094 0.028125 0.0765625 0.719144
0 0.511719 0.776563 0.0546875 0.1625 0.740607
22 0.41875 0.370313 0.65 0.340625 0.477254
22 0.440625 0.758594 0.840625 0.467187 0.657423
22 0.675 0.0609375 0.228125 0.121875 0.88032
0 0.284375 0.634375 0.525 0.71875 0.400301
0 0.840625 0.559375 0.309375 0.44375 0.53091
55 0.347656 0.699219 0.279687 0.276563 0.364971
45 0.804688 0.589844 0.365625 0.257812 0.450885
43 0.560938 0.755469 0.209375 0.335938 0.543108
9 0.0367187 0.440625 0.0359375 0.053125 0.254361
0 0.925781 0.707812 0.0234375 0.046875 0.277516
0 0.121094 0.71875 0.0546875 0.071875 0.315123
0 0.940625 0.703906 0.01875 0.0453125 0.380189
0 0.934375 0.727344 0.034375 0.0828125 0.381677
3 0.153125 0.929688 0.221875 0.140625 0.383358
0 0.9625 0.727344 0.028125 0.0828125 0.403027
0 0.308594 0.765625 0.0515625 0.153125 0.415603
0 0.249219 0.730469 0.0390625 0.0859375 0.426635
5 0.53125 0.707812 0.465625 0.2625 0.426838
0 0.0203125 0.730469 0.0375 0.0953125 0.4424
0 0.102344 0.725781 0.0203125 0.0609375 0.460185
0 0.84375 0.709375 0.01875 0.046875 0.486947
0 0.823438 0.714063 0.021875 0.059375 0.529654
24 0.264062 0.816406 0.078125 0.114063 0.602279
2 0.957031 0.9 0.0828125 0.190625 0.622106
0 0.46875 0.779688 0.059375 0.159375 0.652854
0 0.984375 0.724219 0.028125 0.0828125 0.655273
0 0.1875 0.859375 0.15625 0.275 0.667175
0 0.357812 0.766406 0.0625 0.164062 0.6982
0 0.135937 0.721094 0.028125 0.0765625 0.719144
0 0.511719 0.776563 0.0546875 0.1625 0.740607
22 0.41875 0.370313 0.65 0.340625 0.477254
22 0.440625 0.758594 0.840625 0.467187 0.657423
22 0.675 0.0609375 0.228125 0.121875 0.88032
0 0.284375 0.634375 0.525 0.71875 0.400301
0 0.840625 0.559375 0.309375 0.44375 0.53091
55 0.347656 0.699219 0.279687 0.276563 0.364971
45 0.804688 0.589844 0.365625 0.257812 0.450885
43 0.560938 0.755469 0.209375 0.335938 0.543108
9 0.0367187 0.440625 0.0359375 0.053125 0.254361
0 0.925781 0.707812 0.0234375 0.046875 0.277516
0 0.121094 0.71875 0.0546875 0.071875 0.315123
0 0.940625 0.703906 0.01875 0.0453125 0.380189
0 0.934375 0.727344 0.034375 0.0828125 0.381677
3 0.153125 0.929688 0.221875 0.140625 0.383358
0 0.9625 0.727344 0.028125 0.0828125 0.403027
0 0.308594 0.765625 0.0515625 0.153125 0.415603
0 0.249219 0.730469 0.0390625 0.0859375 0.426635
5 0.53125 0.707812 0.465625 0.2625 0.426838
0 0.0203125 0.730469 0.0375 0.0953125 0.4424
0 0.102344 0.725781 0.0203125 0.0609375 0.460185
0 0.84375 0.709375 0.01875 0.046875 0.486947
0 0.823438 0.714063 0.021875 0.059375 0.529654
24 0.264062 0.816406 0.078125 0.114063 0.602279
2 0.957031 0.9 0.0828125 0.190625 0.622106
0 0.46875 0.779688 0.059375 0.159375 0.652854
0 0.984375 0.724219 0.028125 0.0828125 0.655273
0 0.1875 0.859375 0.15625 0.275 0.667175
0 0.357812 0.766406 0.0625 0.164062 0.6982
0 0.135937 0.721094 0.028125 0.0765625 0.719144
0 0.511719 0.776563 0.0546875 0.1625 0.740607
22 0.41875 0.370313 0.65 0.340625 0.477254
22 0.440625 0.758594 0.840625 0.467187 0.657423
22 0.675 0.0609375 0.228125 0.121875 0.88032
0 0.284375 0.634375 0.525 0.71875 0.400301
0 0.840625 0.559375 0.309375 0.44375 0.53091
55 0.347656 0.699219 0.279687 0.276563 0.364971
45 0.804688 0.589844 0.365625 0.257812 0.450885
43 0.560938 0.755469 0.209375 0.335938 0.543108
9 0.0367187 0.440625 0.0359375 0.053125 0.254361
0 0.925781 0.707812 0.0234375 0.046875 0.277516
0 0.121094 0.71875 0.0546875 0.071875 0.315123
0 0.940625 0.703906 0.01875 0.0453125 0.380189
0 0.934375 0.727344 0.034375 0.0828125 0.381677
3 0.153125 0.929688 0.221875 0.140625 0.383358
0 0.9625 0.727344 0.028125 0.0828125 0.403027
0 0.308594 0.765625 0.0515625 0.153125 0.415603
0 0.249219 0.730469 0.0390625 0.0859375 0.426635
5 0.53125 0.707812 0.465625 0.2625 0.426838
0 0.0203125 0.730469 0.0375 0.0953125 0.4424
0 0.102344 0.725781 0.0203125 0.0609375 0.460185
0 0.84375 0.709375 0.01875 0.046875 0.486947
0 0.823438 0.714063 0.021875 0.059375 0.529654
24 0.264062 0.816406 0.078125 0.114063 0.602279
2 0.957031 0.9 0.0828125 0.190625 0.622106
0 0.46875 0.779688 0.059375 0.159375 0.652854
0 0.984375 0.724219 0.028125 0.0828125 0.655273
0 0.1875 0.859375 0.15625 0.275 0.667175
0 0.357812 0.766406 0.0625 0.164062 0.6982
0 0.135937 0.721094 0.028125 0.0765625 0.719144
0 0.511719 0.776563 0.0546875 0.1625 0.740607
